2, 2, 121343 
2, 2, 126378 
2, 2, 134586 
2, 2, 88877 
2, 2, 116613 
2, 4, 182343 
2, 4, 168701 
2, 4, 217293 
2, 4, 185135 
2, 4, 186608 
2, 8, 223513 
2, 8, 237509 
2, 8, 243793 
2, 8, 240225 
2, 8, 230001 
2, 16, 313856 
2, 16, 331783 
2, 16, 274179 
2, 16, 284657 
2, 16, 289386 
2, 32, 367234 
2, 32, 348744 
2, 32, 335313 
2, 32, 324124 
2, 32, 323476 
2, 64, 372233 
2, 64, 343616 
2, 64, 371493 
2, 64, 374767 
2, 128, 424480 
2, 128, 409904 
2, 128, 381223 
2, 128, 412960 
2, 128, 446893 
2, 256, 429233 
2, 256, 448751 
2, 256, 443946 
2, 256, 439023 
2, 512, 563166 
2, 512, 562675 
2, 512, 555936 
2, 512, 558489 
2, 512, 571835 
2, 1024, 793135 
2, 1024, 10717518 
2, 1024, 797130 
2, 1024, 783127 
2, 1024, 10304962 
2, 2048, 5170388 
2, 2048, 1283227 
2, 2048, 1264236 
2, 2048, 1300897 
2, 2048, 1293611 
2, 4096, 2245810 
2, 4096, 2203448 
2, 4096, 2229583 
2, 4096, 2219984 
2, 4096, 2213408 
2, 8192, 4062965 
2, 8192, 4106751 
2, 8192, 4090015 
2, 8192, 4107430 
2, 8192, 4089776 
2, 16384, 7834656 
2, 16384, 7925344 
2, 16384, 7805904 
2, 16384, 7844608 
2, 32768, 15515839 
2, 32768, 15544359 
2, 32768, 15794088 
2, 32768, 15247456 
2, 32768, 15727072 
2, 65536, 30339824 
2, 65536, 30730928 
2, 65536, 30409664 
2, 65536, 30248416 
2, 65536, 30419110 
4, 2, 109949 
4, 2, 132756 
4, 2, 120202 
4, 2, 145024 
4, 2, 119294 
4, 4, 177888 
4, 4, 187596 
4, 4, 175644 
4, 4, 188288 
4, 4, 165376 
4, 8, 226921 
4, 8, 238619 
4, 8, 230384 
4, 8, 69419 
4, 16, 288191 
4, 16, 268116 
4, 16, 280496 
4, 16, 271364 
4, 16, 284015 
4, 32, 339679 
4, 32, 324128 
4, 32, 342464 
4, 32, 1981234 
4, 32, 318704 
4, 64, 344760 
4, 64, 339574 
4, 64, 352288 
4, 64, 345117 
4, 128, 375342 
4, 128, 394418 
4, 128, 379059 
4, 128, 378642 
4, 256, 441344 
4, 256, 425880 
4, 256, 439302 
4, 256, 457656 
4, 256, 449987 
4, 512, 557223 
4, 512, 558471 
4, 512, 565057 
4, 512, 541598 
4, 512, 554752 
4, 1024, 777984 
4, 1024, 778087 
4, 1024, 800288 
4, 1024, 791333 
4, 2048, 1251002 
4, 2048, 1282048 
4, 2048, 1234475 
4, 2048, 1271660 
4, 2048, 1274647 
4, 4096, 2216359 
4, 4096, 2219381 
4, 4096, 2206583 
4, 4096, 2236984 
4, 8192, 4086315 
4, 8192, 4175514 
4, 8192, 4079587 
4, 8192, 4800384 
4, 16384, 8099535 
4, 16384, 7826947 
4, 16384, 8013064 
4, 16384, 7847328 
4, 32768, 15550400 
4, 32768, 15601904 
4, 32768, 15618896 
4, 32768, 15688832 
4, 32768, 15254616 
4, 65536, 30666206 
4, 65536, 32166048 
4, 65536, 29712612 
4, 65536, 30667749 
8, 2, 133071 
8, 2, 110420 
8, 2, 121901 
8, 2, 122960 
8, 4, 189396 
8, 4, 182350 
8, 8, 196059 
8, 8, 198366 
8, 8, 233005 
8, 16, 247230 
8, 16, 245448 
8, 16, 232031 
8, 16, 242236 
8, 32, 266739 
8, 32, 5036896 
8, 32, 296897 
8, 64, 307855 
8, 64, 308668 
8, 64, 325801 
8, 64, 315056 
8, 128, 353683 
8, 128, 353328 
8, 128, 332195 
8, 256, 411241 
8, 256, 5208223 
8, 256, 418182 
8, 256, 398735 
8, 256, 405528 
8, 512, 515345 
8, 512, 512912 
8, 512, 513026 
8, 512, 525311 
8, 1024, 755363 
8, 1024, 765088 
8, 1024, 765184 
8, 1024, 746343 
8, 2048, 1247704 
8, 2048, 1227504 
8, 2048, 1231812 
8, 2048, 1235651 
8, 4096, 2139191 
8, 4096, 2203990 
8, 4096, 2163490 
8, 4096, 2168058 
8, 4096, 2156203 
8, 8192, 4100976 
8, 8192, 4049356 
8, 8192, 4051639 
8, 8192, 4056072 
8, 16384, 7950928 
8, 16384, 7739120 
8, 16384, 7745125 
8, 16384, 7929888 
8, 32768, 15276286 
8, 32768, 15551356 
8, 32768, 15247405 
8, 32768, 15215152 
8, 65536, 31271168 
8, 65536, 29641456 
8, 65536, 30355604 
8, 65536, 30257703 
16, 2, 79508 
16, 4, 120405 
16, 4, 123871 
16, 4, 110025 
16, 4, 106479 
16, 8, 140746 
16, 16, 179881 
16, 16, 191099 
16, 16, 191585 
16, 16, 184516 
16, 16, 193024 
16, 32, 221881 
16, 32, 227815 
16, 32, 215640 
16, 32, 236702 
16, 64, 252030 
16, 64, 246325 
16, 128, 288943 
16, 128, 280864 
16, 128, 282859 
16, 128, 278929 
16, 256, 327760 
16, 256, 328906 
16, 256, 334400 
16, 256, 336360 
16, 256, 347952 
16, 512, 446165 
16, 512, 444004 
16, 1024, 700815 
16, 1024, 678062 
16, 1024, 677403 
16, 1024, 694259 
16, 1024, 685248 
16, 2048, 1180527 
16, 2048, 1144584 
16, 2048, 1135264 
16, 4096, 2096150 
16, 4096, 2132890 
16, 4096, 2071911 
16, 4096, 2124883 
16, 8192, 4020480 
16, 8192, 3977794 
16, 8192, 4003984 
16, 8192, 4038464 
16, 16384, 7732834 
16, 16384, 7917913 
16, 16384, 7740283 
16, 32768, 15802448 
16, 32768, 15521734 
16, 32768, 15462240 
16, 32768, 15336456 
16, 65536, 30090382 
16, 65536, 29821367 
32, 2, 31663 
32, 4, 51344 
32, 4, 44697 
32, 4, 51040 
32, 4, 5937709 
32, 8, 66977 
32, 8, 73280 
32, 8, 70908 
32, 8, 77023 
32, 16, 118391 
32, 16, 95966 
32, 16, 111680 
32, 16, 102231 
32, 32, 138961 
32, 32, 114928 
32, 32, 118400 
32, 32, 133555 
32, 64, 141113 
32, 64, 147514 
32, 64, 134081 
32, 128, 164372 
32, 128, 164296 
32, 128, 8000308 
32, 256, 219361 
32, 256, 232064 
32, 256, 216240 
32, 256, 222320 
32, 512, 326680 
32, 512, 351370 
32, 512, 366592 
32, 512, 363724 
32, 1024, 586948 
32, 1024, 565145 
32, 1024, 586871 
32, 1024, 603520 
32, 2048, 1049792 
32, 2048, 1056654 
32, 2048, 1039941 
32, 4096, 1985797 
32, 8192, 3905848 
32, 8192, 3928208 
32, 8192, 3928144 
32, 16384, 7700688 
32, 16384, 7654358 
32, 32768, 15506272 
32, 32768, 15181207 
32, 32768, 15285402 
32, 32768, 15001536 
32, 65536, 29703052 
32, 65536, 30050776 
32, 65536, 30058972 
64, 2, 30065 
64, 2, 26487 
64, 2, 5894711 
64, 4, 45584 
64, 4, 60633 
64, 4, 45840 
64, 4, 59157 
64, 8, 79419 
64, 8, 75632 
64, 16, 109084 
64, 32, 122158 
64, 32, 2766176 
64, 64, 133684 
64, 64, 147247 
64, 128, 170464 
64, 128, 5408160 
64, 128, 168571 
64, 256, 217625 
64, 256, 242541 
64, 256, 222036 
64, 512, 330101 
64, 512, 345535 
64, 512, 350563 
64, 512, 359193 
64, 512, 350416 
64, 1024, 585588 
64, 1024, 595725 
64, 1024, 586193 
64, 2048, 1048853 
64, 2048, 1054592 
64, 2048, 1041472 
64, 4096, 1969696 
64, 4096, 2027151 
64, 8192, 3888861 
64, 8192, 3829338 
64, 8192, 3873650 
64, 16384, 7614278 
64, 16384, 7523928 
64, 16384, 9065659 
64, 16384, 7581032 
64, 32768, 15077296 
64, 32768, 15106013 
64, 32768, 15380255 
64, 65536, 30193648 
64, 65536, 29777832 
64, 65536, 30638850 
128, 2, 24631 
128, 2, 28443 
128, 2, 32684 
128, 4, 57712 
128, 4, 10252016 
128, 4, 43152 
128, 8, 72407 
128, 8, 71120 
128, 8, 65890 
128, 16, 100635 
128, 16, 107741 
128, 16, 101648 
128, 32, 120608 
128, 32, 141171 
128, 32, 118688 
128, 64, 158166 
128, 64, 135136 
128, 128, 171264 
128, 128, 170766 
128, 128, 170691 
128, 128, 174976 
128, 256, 210976 
128, 256, 232235 
128, 256, 231780 
128, 256, 229464 
128, 256, 241501 
128, 512, 332759 
128, 512, 335696 
128, 512, 314778 
128, 512, 328944 
128, 1024, 576624 
128, 1024, 570735 
128, 1024, 568928 
128, 1024, 583028 
128, 2048, 1045900 
128, 2048, 1046259 
128, 4096, 2002616 
128, 4096, 1993539 
128, 8192, 3945275 
128, 8192, 3831445 
128, 8192, 3854720 
128, 8192, 3916110 
128, 16384, 7623870 
128, 32768, 15217163 
128, 32768, 14973115 
128, 32768, 15445164 
128, 65536, 29910542 
128, 65536, 30376784 
128, 65536, 30185744 
256, 2, 24694 
256, 2, 35308 
256, 2, 27183 
256, 2, 3123650 
256, 2, 31659 
256, 4, 40864 
256, 4, 41920 
256, 4, 45481 
256, 8, 64908 
256, 8, 73458 
256, 16, 102576 
256, 16, 5506404 
256, 16, 98704 
256, 32, 121487 
256, 32, 118901 
256, 64, 135780 
256, 128, 174332 
256, 128, 180624 
256, 128, 170150 
256, 128, 5467407 
256, 512, 349009 
256, 512, 340992 
256, 1024, 576448 
256, 1024, 581860 
256, 1024, 10448473 
256, 2048, 1046244 
256, 2048, 1079712 
256, 2048, 1077850 
256, 4096, 2018571 
256, 4096, 1996093 
256, 4096, 1964033 
256, 8192, 3874319 
256, 8192, 3822467 
256, 16384, 7739714 
256, 16384, 7656816 
256, 16384, 8993648 
256, 16384, 7611998 
256, 32768, 15331728 
256, 32768, 15081264 
256, 32768, 15210095 
256, 32768, 15092328 
256, 65536, 29869319 
256, 65536, 29910957 
256, 65536, 29893856 
256, 65536, 32630869 
512, 2, 29077 
512, 2, 30829 
512, 2, 27445 
512, 2, 28218 
512, 4, 41399 
512, 4, 41124 
512, 4, 44229 
512, 4, 47728 
512, 4, 8959504 
512, 8, 71462 
512, 8, 78382 
512, 8, 73166 
512, 8, 72384 
512, 16, 122009 
512, 16, 96706 
512, 16, 110464 
512, 32, 127507 
512, 32, 124272 
512, 32, 112025 
512, 32, 132586 
512, 64, 145552 
512, 64, 133600 
512, 64, 127248 
512, 128, 164162 
512, 128, 183376 
512, 256, 216098 
512, 256, 235799 
512, 256, 225289 
512, 256, 213048 
512, 256, 220942 
512, 512, 327757 
512, 512, 344526 
512, 512, 357985 
512, 512, 351688 
512, 1024, 603408 
512, 1024, 577977 
512, 2048, 1053312 
512, 2048, 1048037 
512, 2048, 1033312 
512, 2048, 1076986 
512, 2048, 1061411 
512, 4096, 2039407 
512, 4096, 2025430 
512, 4096, 1944208 
512, 4096, 1972960 
512, 4096, 1994112 
512, 8192, 3832225 
512, 8192, 3854412 
512, 8192, 3914972 
512, 8192, 3838392 
512, 16384, 7776336 
512, 16384, 7634930 
512, 16384, 7718136 
512, 16384, 7559970 
512, 32768, 15291125 
512, 32768, 15085141 
512, 32768, 15397263 
512, 32768, 15263886 
512, 65536, 30356433 
512, 65536, 30097872 
512, 65536, 29531080 
512, 65536, 29286259 
512, 65536, 29955962 
1024, 2, 28208 
1024, 2, 30324 
1024, 2, 23737 
1024, 2, 25085 
1024, 2, 33968 
1024, 4, 47208 
1024, 4, 41416 
1024, 4, 50729 
1024, 4, 52480 
1024, 4, 45488 
1024, 8, 75801 
1024, 8, 80144 
1024, 8, 67742 
1024, 8, 83164 
1024, 8, 85888 
1024, 16, 103448 
1024, 16, 106464 
1024, 16, 104829 
1024, 16, 94808 
1024, 16, 107365 
1024, 32, 116160 
1024, 32, 113381 
1024, 32, 118000 
1024, 32, 136049 
1024, 32, 127779 
1024, 64, 148170 
1024, 64, 151088 
1024, 64, 132566 
1024, 64, 133315 
1024, 64, 163804 
1024, 128, 162336 
1024, 128, 161471 
1024, 128, 170290 
1024, 128, 173168 
1024, 128, 181007 
1024, 256, 231840 
1024, 256, 234561 
1024, 256, 232907 
1024, 256, 233795 
1024, 256, 223941 
1024, 512, 334415 
1024, 512, 345824 
1024, 512, 355235 
1024, 512, 363932 
1024, 512, 325987 
1024, 1024, 614945 
1024, 1024, 584525 
1024, 1024, 608880 
1024, 1024, 10219280 
1024, 1024, 581488 
1024, 2048, 1052879 
1024, 2048, 1720384 
1024, 2048, 1064627 
1024, 2048, 1059652 
1024, 2048, 1044965 
1024, 4096, 2007416 
1024, 4096, 1984592 
1024, 4096, 1985582 
1024, 4096, 5019396 
1024, 4096, 1982497 
1024, 8192, 3820368 
1024, 8192, 3885520 
1024, 8192, 3842966 
1024, 8192, 3842578 
1024, 8192, 3948890 
1024, 16384, 7593433 
1024, 16384, 7687721 
1024, 16384, 7594976 
1024, 16384, 7535216 
1024, 16384, 7627120 
1024, 32768, 15122097 
1024, 32768, 15034127 
1024, 32768, 15527420 
1024, 32768, 17749280 
1024, 32768, 15063621 
1024, 65536, 30311352 
1024, 65536, 29808702 
1024, 65536, 29840144 
1024, 65536, 30420269 
1024, 65536, 30433840 
2048, 2, 34112 
2048, 2, 32944 
2048, 2, 25693 
2048, 2, 25473 
2048, 2, 26048 
2048, 4, 45730 
2048, 4, 49263 
2048, 4, 54445 
2048, 4, 45809 
2048, 4, 41232 
2048, 8, 70670 
2048, 8, 71288 
2048, 8, 78736 
2048, 8, 71024 
2048, 8, 9778927 
2048, 16, 108032 
2048, 16, 113417 
2048, 16, 96768 
2048, 16, 106802 
2048, 16, 107574 
2048, 32, 128272 
2048, 32, 112298 
2048, 32, 122517 
2048, 32, 137808 
2048, 32, 126720 
2048, 64, 148319 
2048, 64, 131378 
2048, 64, 153520 
2048, 64, 137963 
2048, 64, 139404 
2048, 128, 165833 
2048, 128, 186864 
2048, 128, 169143 
2048, 128, 170762 
2048, 128, 171016 
2048, 256, 215584 
2048, 256, 6098716 
2048, 256, 226224 
2048, 256, 214642 
2048, 256, 226859 
2048, 512, 317135 
2048, 512, 339913 
2048, 512, 340571 
2048, 512, 346979 
2048, 512, 340933 
2048, 1024, 557584 
2048, 1024, 553904 
2048, 1024, 563592 
2048, 1024, 9554183 
2048, 1024, 558534 
2048, 2048, 1014043 
2048, 2048, 1027025 
2048, 2048, 994960 
2048, 2048, 1030407 
2048, 2048, 1010008 
2048, 4096, 1914326 
2048, 4096, 1894808 
2048, 4096, 1909048 
2048, 4096, 1928756 
2048, 4096, 1939665 
2048, 8192, 3759816 
2048, 8192, 3684280 
2048, 8192, 3651390 
2048, 8192, 3730290 
2048, 8192, 3669934 
2048, 16384, 7233727 
2048, 16384, 7176608 
2048, 16384, 7364160 
2048, 16384, 7350910 
2048, 16384, 7374953 
2048, 32768, 14412975 
2048, 32768, 14430461 
2048, 32768, 14605075 
2048, 32768, 14666195 
2048, 32768, 14518176 
2048, 65536, 28534352 
2048, 65536, 28418597 
2048, 65536, 28665397 
2048, 65536, 28693083 
2048, 65536, 28480592 
4096, 2, 39371 
4096, 2, 37807 
4096, 2, 34429 
4096, 2, 35349 
4096, 2, 23840 
4096, 4, 41668 
4096, 4, 48676 
4096, 4, 50224 
4096, 4, 48464 
4096, 4, 46098 
4096, 8, 77880 
4096, 8, 74779 
4096, 8, 79482 
4096, 8, 78528 
4096, 8, 78080 
4096, 16, 107904 
4096, 16, 93853 
4096, 16, 101732 
4096, 16, 105232 
4096, 16, 98720 
4096, 32, 128176 
4096, 32, 119848 
4096, 32, 130192 
4096, 32, 125123 
4096, 32, 122076 
4096, 64, 150276 
4096, 64, 166784 
4096, 64, 144393 
4096, 64, 132683 
4096, 64, 138337 
4096, 128, 8853532 
4096, 128, 160576 
4096, 128, 2939856 
4096, 128, 177411 
4096, 128, 189842 
4096, 256, 239310 
4096, 256, 233078 
4096, 256, 6564016 
4096, 256, 237695 
4096, 256, 236048 
4096, 512, 341221 
4096, 512, 344409 
4096, 512, 352834 
4096, 512, 328848 
4096, 512, 342980 
4096, 1024, 583232 
4096, 1024, 563534 
4096, 1024, 565849 
4096, 1024, 558942 
4096, 1024, 574448 
4096, 2048, 996804 
4096, 2048, 1010008 
4096, 2048, 987428 
4096, 2048, 990838 
4096, 2048, 1004270 
4096, 4096, 1908051 
4096, 4096, 1890570 
4096, 4096, 1884160 
4096, 4096, 1922705 
4096, 4096, 1903013 
4096, 8192, 3639744 
4096, 8192, 3683128 
4096, 8192, 3708104 
4096, 8192, 3757840 
4096, 8192, 3703848 
4096, 16384, 7201719 
4096, 16384, 7245331 
4096, 16384, 7214108 
4096, 16384, 7149285 
4096, 16384, 7285280 
4096, 32768, 14056624 
4096, 32768, 14375104 
4096, 32768, 14172545 
4096, 32768, 14039616 
4096, 32768, 14389264 
4096, 65536, 28477969 
4096, 65536, 28412486 
4096, 65536, 28188783 
4096, 65536, 28300001 
4096, 65536, 27884016 
8192, 2, 33261 
8192, 2, 33648 
8192, 2, 30325 
8192, 2, 28850 
8192, 2, 32237 
8192, 4, 45424 
8192, 4, 50956 
8192, 4, 38594 
8192, 4, 48136 
8192, 4, 43088 
8192, 8, 78623 
8192, 8, 74622 
8192, 8, 61744 
8192, 8, 73725 
8192, 8, 75682 
8192, 16, 108317 
8192, 16, 2256128 
8192, 16, 103504 
8192, 16, 106118 
8192, 16, 110308 
8192, 32, 130574 
8192, 32, 137272 
8192, 32, 127051 
8192, 32, 149904 
8192, 32, 124694 
8192, 64, 155846 
8192, 64, 161232 
8192, 64, 154245 
8192, 64, 134053 
8192, 64, 152197 
8192, 128, 175307 
8192, 128, 171480 
8192, 128, 170260 
8192, 128, 180612 
8192, 128, 156108 
8192, 256, 229136 
8192, 256, 221719 
8192, 256, 233600 
8192, 256, 229689 
8192, 256, 248445 
8192, 512, 341249 
8192, 512, 355660 
8192, 512, 336656 
8192, 512, 326617 
8192, 512, 332633 
8192, 1024, 551125 
8192, 1024, 557902 
8192, 1024, 554720 
8192, 1024, 598704 
8192, 1024, 580123 
8192, 2048, 1013642 
8192, 2048, 1026875 
8192, 2048, 990479 
8192, 2048, 1001950 
8192, 2048, 1032354 
8192, 4096, 1879781 
8192, 4096, 1898614 
8192, 4096, 1941104 
8192, 4096, 1944685 
8192, 4096, 1902398 
8192, 8192, 3623762 
8192, 8192, 3642336 
8192, 8192, 3605629 
8192, 8192, 3705395 
8192, 8192, 3606803 
8192, 16384, 7283200 
8192, 16384, 7195071 
8192, 16384, 7211876 
8192, 16384, 7065963 
8192, 16384, 7225484 
8192, 32768, 14101031 
8192, 32768, 14395875 
8192, 32768, 14313512 
8192, 32768, 14291118 
8192, 32768, 14104720 
8192, 65536, 28511721 
8192, 65536, 28168162 
8192, 65536, 28843872 
8192, 65536, 29012542 
8192, 65536, 28086544 
16384, 2, 32770 
16384, 2, 38656 
16384, 2, 29568 
16384, 2, 30458 
16384, 2, 27524 
16384, 4, 42640 
16384, 4, 43862 
16384, 4, 48617 
16384, 4, 46093 
16384, 4, 46704 
16384, 8, 81712 
16384, 8, 69766 
16384, 8, 70095 
16384, 8, 76368 
16384, 8, 5358720 
16384, 16, 111504 
16384, 16, 110818 
16384, 16, 107848 
16384, 16, 101477 
16384, 16, 105054 
16384, 32, 118224 
16384, 32, 142931 
16384, 32, 131026 
16384, 32, 138414 
16384, 32, 121917 
16384, 64, 146633 
16384, 64, 3850395 
16384, 64, 135005 
16384, 64, 4042960 
16384, 64, 145048 
16384, 128, 3222399 
16384, 128, 181794 
16384, 128, 167410 
16384, 128, 158400 
16384, 128, 174335 
16384, 256, 228992 
16384, 256, 5443138 
16384, 256, 218374 
16384, 256, 235327 
16384, 256, 241949 
16384, 512, 311471 
16384, 512, 334320 
16384, 512, 335399 
16384, 512, 5448934 
16384, 512, 5510755 
16384, 1024, 564768 
16384, 1024, 571724 
16384, 1024, 558691 
16384, 1024, 557561 
16384, 1024, 582544 
16384, 2048, 8724352 
16384, 2048, 5276689 
16384, 2048, 984817 
16384, 2048, 998913 
16384, 2048, 987936 
16384, 4096, 1930051 
16384, 4096, 1900349 
16384, 4096, 1896893 
16384, 4096, 1874981 
16384, 4096, 1900256 
16384, 8192, 3736784 
16384, 8192, 3615029 
16384, 8192, 3657382 
16384, 8192, 3648147 
16384, 8192, 11801689 
16384, 16384, 8648629 
16384, 16384, 7283874 
16384, 16384, 13114752 
16384, 16384, 5610110 
16384, 16384, 7225710 
16384, 32768, 14328400 
16384, 32768, 14669424 
16384, 32768, 13886129 
16384, 32768, 14465141 
16384, 32768, 14381268 
16384, 65536, 28017960 
16384, 65536, 28432030 
16384, 65536, 28275688 
16384, 65536, 28235086 
16384, 65536, 28541495 
32768, 2, 31799 
32768, 2, 32722 
32768, 2, 33913 
32768, 2, 28982 
32768, 2, 35866 
32768, 4, 55036 
32768, 4, 43448 
32768, 4, 6818751 
32768, 4, 56588 
32768, 4, 52070 
32768, 8, 76913 
32768, 8, 81128 
32768, 8, 68432 
32768, 8, 73662 
32768, 8, 87094 
32768, 16, 116820 
32768, 16, 105674 
32768, 16, 115426 
32768, 16, 101020 
32768, 16, 108578 
32768, 32, 132957 
32768, 32, 129416 
32768, 32, 8290004 
32768, 32, 5283458 
32768, 32, 126080 
32768, 64, 162737 
32768, 64, 165264 
32768, 64, 2012732 
32768, 64, 177904 
32768, 64, 149740 
32768, 128, 202095 
32768, 128, 182036 
32768, 128, 192206 
32768, 128, 177087 
32768, 128, 176700 
32768, 256, 209331 
32768, 256, 227411 
32768, 256, 240531 
32768, 256, 215616 
32768, 256, 223355 
32768, 512, 5944004 
32768, 512, 325836 
32768, 512, 352927 
32768, 512, 354175 
32768, 512, 342032 
32768, 1024, 542017 
32768, 1024, 563818 
32768, 1024, 569536 
32768, 1024, 8259563 
32768, 1024, 5727794 
32768, 2048, 1000848 
32768, 2048, 1008979 
32768, 2048, 997771 
32768, 2048, 1015185 
32768, 2048, 8493562 
32768, 4096, 1879968 
32768, 4096, 1915889 
32768, 4096, 1905530 
32768, 4096, 1928654 
32768, 4096, 5100049 
32768, 8192, 6070784 
32768, 8192, 7696370 
32768, 8192, 7343465 
32768, 8192, 3674257 
32768, 8192, 3689568 
32768, 16384, 7828537 
32768, 16384, 7280160 
32768, 16384, 7188012 
32768, 16384, 7174515 
32768, 16384, 7375296 
32768, 32768, 14481252 
32768, 32768, 14048351 
32768, 32768, 14138635 
32768, 32768, 14053902 
32768, 32768, 14313153 
32768, 65536, 28856464 
32768, 65536, 28438640 
32768, 65536, 28064154 
32768, 65536, 27924567 
32768, 65536, 29344435 
65536, 2, 30012 
65536, 2, 8231081 
65536, 2, 4905408 
65536, 2, 29278 
65536, 2, 26838 
65536, 4, 50384 
65536, 4, 51054 
65536, 4, 6978471 
65536, 4, 9414921 
65536, 4, 50701 
65536, 8, 6016023 
65536, 8, 9727190 
65536, 8, 5560368 
65536, 8, 6916272 
65536, 8, 74368 
65536, 16, 98895 
65536, 16, 4735519 
65536, 16, 5245360 
65536, 16, 4689165 
65536, 16, 113646 
65536, 32, 9527675 
65536, 32, 5494655 
65536, 32, 1149328 
65536, 32, 128624 
65536, 32, 9977797 
65536, 64, 4914951 
65536, 64, 8700485 
65536, 64, 146547 
65536, 64, 168640 
65536, 64, 139171 
65536, 128, 170575 
65536, 128, 168501 
65536, 128, 7432342 
65536, 128, 170220 
65536, 128, 8516895 
65536, 256, 233376 
65536, 256, 5770269 
65536, 256, 239616 
65536, 256, 5314594 
65536, 256, 6147010 
65536, 512, 354640 
65536, 512, 5488914 
65536, 512, 7143312 
65536, 512, 9634466 
65536, 512, 304441 
65536, 1024, 565949 
65536, 1024, 585099 
65536, 1024, 580525 
65536, 1024, 591324 
65536, 1024, 574234 
65536, 2048, 6721919 
65536, 2048, 7573266 
65536, 2048, 5920481 
65536, 2048, 999484 
65536, 2048, 7002104 
65536, 4096, 1948224 
65536, 4096, 1932630 
65536, 4096, 7122075 
65536, 4096, 7820001 
65536, 4096, 7608224 
65536, 8192, 7012480 
65536, 8192, 7162738 
65536, 8192, 3719906 
65536, 8192, 11381747 
65536, 8192, 5302816 
65536, 16384, 8257742 
65536, 16384, 8698730 
65536, 16384, 13019488 
65536, 16384, 7254358 
65536, 16384, 7164633 
65536, 32768, 16321000 
65536, 32768, 16708556 
65536, 32768, 14229757 
65536, 32768, 14267376 
65536, 32768, 14184775 
65536, 65536, 30650784 
65536, 65536, 28292461 
65536, 65536, 28687614 
65536, 65536, 28724742 
65536, 65536, 31624173 
